-631512
-190178
-328322
-557784
193856
-872169
182212
85739
-276894
-973064
700083
-755733
423790
-122117
-705814
-931845
-639705
-604907
-686027
-646264
691855
393002
-529250
198912
107913
406970
-635367
680035
-801618
-37859
431800
589364
-455849
-178645
-622843
370475
-572900
-464476
-710215
-21699
788625
830438
301490
506766
843551
-406196
-84206
-57325
246605
696662
-238643
717530
849365
866697
828989
-514394
-924183
-238948
333486
813157
-607956
908064
-706675
575543
-225490
976150
51985
-107840
42515
683367
54131
185931
-807416
95470
802732
766821
-421057
809704
38167
-570883
824134
-696321
-96925
-884628
827192
108394
284315
393730
-553423
-173833
332438
290135
708886
-742733
84373
-753594
22142
996380
-56745
-454657
-416570
-690820
-400352
-284272
-871437
646111
434041
-820275
153582
573757
-708885
390132
-929372
-703091
-379226
78931
210063
537627
608566
23085
209018
-957450
-843919
8539
-15268
539626
798071
751152
48872
-951913
-429966
-419611
28679
337376
-123608
337136
-123221
30853
575822
-281344
-452298
-982710
897740
886885
-268264
932576
-365311
-941277
106918
-841958
661695
-286795
-766428
-230255
-76511
-240884
338414
862398
-300793
584012
432432
-548852
-654428
521356
860123
-625240
-484062
540737
652171
-824100
674351
302152
765532
59608
466229
925302
41196
-176082
546435
758387
876013
-775910
87311
-641634
826858
375769
-389821
-34524
-555561
-611657
-762128
728665
317327
816600
-7591
-570879
-168641
365447
-395
345522
-231682
636879
374854
782613
313910
-365856
-748798
-858047
-372352
554616
-174219
329559
836480
-208149
593551
611720
-954278
734584
-943480
759457
994565
149170
431101
136821
792825
-371652
573553
498879
-884763
-824079
-939686
435834
-567754
539649
327719
946033
-602215
245427
3625
-463441
-593771
-43569
558833
-247845
823336
-124892
-504663
149916
638300
-718178
283764
-214128
358027
-545949
-449067
680673
675458
478061
-168775
912848
37247
820669
-76005
41593
318164
626408
10696
-401880
-745666
727245
-738797
64997
451265
-911805
-745000
421431
-734222
385455
370120
84666
-984717
601871
-335093
-111458
642056
-968376
-662390
820813
-432494
296269
-600752
668268
-33042
563985
-515826
677596
-830595
35636
586529
-489054
596794
759787
-825489
865585
676198
226407
-598699
-47479
-438332
680843
65821
861320
17170
941611
-131901
-101267
71558
867544
-854773
-558641
-151306
-783783
-43906
-77999
257440
124914
279808
-103768
918428
551555
815006
-898171
-756795
720463
-280030
-199320
-77603
278421
-830328
-218870
-81421
878747
-753096
-30969
-752122
-632345
542126
-599001
969263
-56361
-540335
-324214
734302
563244
289741
907007
-33914
65053
320986
867580
-393988
362287
673743
-357052
-558091
225021
350448
-743483
-224806
-260821
763750
-607354
502479
-484241
70137
-926436
28605
659625
-687019
-959750
752853
903184
237241
-404572
-482006
-123096
-952073
368120
-181431
894248
-543783
-627970
-69119
-425123
998068
-204952
413203
906085
-874806
810972
-751753
-702186
-546806
-322636
-314644
977697
435141
-963771
535029
101274
-648819
-824860
-661181
298847
28258
-583699
909906
-542112
-802465
-49559
5210
193560
-479038
-354390
725935
-986175
-109161
-109021
528037
761654
-590638
-456851
342541
-977869
46572
475293
-584191
390284
-679473
-938756
-588025
460267
-550586
307655
-345993
962180
-945495
877933
512791
-69178
717252
699433
664530
-527538
-660148
69903
961793
-685479
819390
222556
-715209
428961
-58609
157647
768082
-128778
709528
104219
-690934
919914
-957995
-924352
894255
-176766
-570769
212763
188838
701023
-282296
237517
601672
899802
-907204
-601516
901258
174701
-699819
349616
-752604
119336
-337457
-707839
-489537
214989
-529235
-606655
144144
-723684
-630560
-644513
407613
532937
-464692
352135
639208
-228352
-11189
829813
692224
650301
-270786
811697
-717587
-667704
484700
425180
468928
591546
133949
364868
-773045
-876125
-236202
986210
368509
-110066
-847524
-593999
-538113
-131126
-860836
886953
-452885
-506125
846704
613732
231509
-537500
59169
-981572
-616416
853627
-751606
6245
-362273
-848102
881230
413793
-694402
-645604
446067
304912
-695529
-756789
-364596
-172378
-541852
821520
-744457
518866
755181
710164
-284968
-829960
503129
-656363
368167
779462
336186
-744327
-560693
124604
321296
-791944
328751
937508
171610
880665
406373
245420
460035
159837
-190670
821998
-976641
-922105
-327736
504454
-135446
-92113
-212944
514505
422046
-136431
-150288
-575951
-66977
-262477
-605989
822961
673588
978578
130188
-846127
-986021
-697522
-436932
-986856
173092
291707
718521
998066
373747
-128290
299856
-828854
270392
234980
322513
-569674
-28253
-329516
622894
813794
-964021
-302215
572442
-334039
-566575
-743744
-735946
-578474
-453715
494790
965101
-947241
443679
495727
-851426
-49627
-149517
-176078
-289098
-515678
-763243
-816319
-632118
-829836
-26742
-542207
860567
-993966
-435813
-123181
-112002
753058
-197097
160870
-489853
874096
126211
433445
984869
370359
961485
146629
-234688
-320280
283348
83614
-871863
517869
717135
-858700
-745159
-501809
766659
336472
472625
-405744
222516
602024
95366
-153751
18454
683310
-359589
91997
-673631
-387042
-152485
-302313
-570793
-982558
642773
347278
-42680
-136731
-225798
-608730
-773074
195922
510132
497385
569209
-592179
82301
-544858
796180
399675
-57936
-714121
97515
-468197
281773
266070
100575
819341
-146106
-242783
262979
715903
-873185
301687
-578071
-269391
-524032
933906
-714201
-132513
504364
788885
142862
362229
997991
-982390
438994
140903
428438
867197
947329
430780
-111587
-405888
807198
-872974
656502
839128
-759044
-881888
-735822
949291
-842104
236814
594252
-942121
234024
-194781
896631
-417009
-190397
119735
740877
-260140
383330
681711
-751113
943856
497742
579315
-11017
-275325
-668190
-399881
-87912
903263
-353242
-415387
-656650
967244
416663
-504767
209252
-116067
296744
598636
-501865
974218
-790470
-519754
175383
-514563
-227715
-762523
-550650
703257
512410
-77347
-83040
873053
722161
759015
-800544
619981
436461
-687481
-826856
-922274
933932
310527
-352263
19175
-841027
-900520
-601184
987763
403601
150681
-598803
-973024
258196
-893338
-420602
-22943
-416252
-563388
-618894
811908
-189134
-294301
-826308
-91678
123635
-4736
13923
-113845
-998023
-647236
478211
-136487
-251851
-659156
-414959
-227393
307950
-229935
-695221
-246082
-645490
-981505
-596156
245385
-327448
82489
-132978
469389
580962
-618297
-457124
937102
-805312
-841168
-866477
-897032
-282956
126948
-264126
832964
99166
81513
38264
-966964
625552
-435274
914255
589469
-515481
-521662
-425314
617772
-432376
639244
-121155
894022
98409
-331284
-627369
786210
-409600
-546671
704312
536992
-630181
-831568
-5253
-976780
-973908
-397697
-483840
-240518
509821
185007
615001
873964
573630
-388974
-545155
122119
516949
962584
-692381
-657252
-574430
380567
941166
-554776
785504
282412
-577466
612832
-348756
-165309
388805
-741887
727034
834155
-843107
483281
-112042
-799357
-497911
-360469
893778
-270869
-787194
-182521
-757305
-235747
-193216
207397
-725992
238190
924963
856241
-473283
220819
-676359
758984
-326220
409384
-878545
863632
-853486
-4027
-55177
442907
-268586
-996540
681497
-129273
-323304
-100530
907391
128732
885018
898838
290928
-993465
768384
-367554
-676894
-861933
-138052
457078
762862
201044
275326
-95250
-80034
-694980
-270347
-364638
-540755
240457
-733547
351143
-538701
890242
847458
-652405
506647
819024
-129583
-73233
-912816
-512472
824997
19596
-148110
-184887
727268
532574
-284795
-74275
490457
-176644
-530156
-39446
-423647
-681537
-100830
-375751
745296
-519518
-398078
2840
-223104
227595
-900881
827337
302667
-435867
274156
166965
-554023
56305
923270
634121
-547911
106227
-887987
277261
792488
95695
604410
193471
668251
-754310
-516859
265966
-898969
-426885
650057
475011
959228
-111503
-867791
559063
-328819
874080
-14663
635994
823875
-737227
-100521
77685
274392
85245
-587807
592655
-311913
953131
742512
618734
-664749
-854789
322190
929166
967314
-673819
92124
253749
195399
601321
-267315
-489224
-374203
-659844
-367127
37318
113140
265690
-160222
784642
575108
-919288
881064
-773395
888697
-118023
453231
-293934
400617
-438493
-351209
498826
743487
873871
-194574
-758272
-368763
-711743
245774
734693
-95957
-930037
550286
804694
308597
-89306
215565
825019
-889369
-931560
113306
-105185
-655870
965338
-275409
15856
841884
-119456
797873
781353
-442477
-427380
-415412
384085
-838348
129403
444376
977985
-775520
304980
855218
411828
943297
933959
-654415
-591088
774713
-216099
-643354
-504598
-170773
843095
-375497
-379335
339841
956348
-916138
322769
-825559
-555261
380996
-335936
556953
-360875
312530
658023
-668061
903117
-1528
972393
318047
426324
-635257
504332
-944044
842028
-316086
-80386
-770824
-128678
974011
229886
-43022
730047
-477552
451854
592146
-424469
459173
450177
257511
202031
75863
-194751
-443854
427605
261109
68896
48366
468573
-991592
680190
-746592
-977088
-14247
-975854
399196
-664213
230143
-587280
-902622
913745
163260
653577
609601
177412
-109821
-240194
891380
700615
-894228
614204
787307
488068
324006
681072
571558
344548
172349
-442428
776884
-188278
941980
-792091
771580
538997
-569097
586044
337813
-219240
481785
-705704
995789
-603779
-290626
-757442
857445
277043
-656256
209789
-135205
420231
56648
-376166
377896
958793
11614
234776
-821165
593117
644264
-163900
-707681
-579399
-75018
339155
-979094
7404
734538
868596
520959
208130
375927
731661
45774
-456389
-820108
-7977
687943
-628609
-167075
-295996
714509
-5038
940290
-412085
902085
480463
-210477
582376
575368
916588
342013
-425157
-687448
875
812926
-932935
3101
-914936
799971
-438021
-442552
-58675
928171
499385
-614578
79619
-35650
-954308
775940
-375920
-682637
-80066
898195
-82417
335147
40359
-236620
754742
431535
-700951
-983730
598714
820204
721169
-520785
-643310
366498
2379
-773655
462693
-125519
-931140
710667
-884606
-257428
764588
69202
-363473
-901513
-348577
-632390
-240360
615391
-133135
-810935
266814
-641791
992777
-445643
567098
-107160
224758
566445
567260
346558
882023
-876450
261505
-484597
509990
-701115
-777530
-844672
-19724
-817312
-826851
-304289
494209
376125
-700332
-529471
-515866
267996
128299
442659
692875
-398580
-4639
-371273
784129
935383
-538072
-131235
410658
787837
170986
472256
-313964
676181
-518399
-950943
855273
-165856
277024
-558753
140653
-275644
600988
-952069
719039
663194
-197903
-401525
-285313
-201287
372745
414871
456450
-547263
-145693
-436519
-242448
-973100
-251078
348344
338339
54630
573000
-10661
252101
364268
791734
-359908
718157
-872222
952109
895774
-876066
-176861
272165
102931
-852998
758409
-999620
-286503
877946
334313
127542
-627532
591127
-907118
430584
886091
398493
731520
932561
-497136
-849383
-768519
-720371
286496
188003
-474365
-743449
-751361
27258
-814712
438210
-73588
274630
-133135
-134213
-449975
-3704
6100
699668
-541967
-917924
-820123
248819
396386
-58915
453964
-55199
625650
-138676
-696603
597220
706781
-248780
-654041
258629
790983
-301944
-326324
978184
81949
919579
-440575
256722
-638987
975120
-986443
978513
236934
-577408
895678
390712
-887955
-303798
964597
865917
968065
-764113
327459
296902
205734
205196
151592
436070
-512549
737034
379909
-582182
31872
-580941
-555209
786236
-645165
-992038
159682
-107424
492468
-528741
932031
790152
-829090
-734095
-217700
-262513
-954610
905820
687726
-313665
934111
155638
179408
496285
426416
-591442
313867
-798112
-37168
975361
-345565
-644498
566721
820919
-907323
-528032
640311
-585896
668462
-888621
323937
-382677
262955
368028
877561
286582
-359786
284027
-806455
111179
563438
729481
-191868
-896384
-756830
-402829
841917
-976285
388663
304229
-528231
-813363
994936
-617101
-991924
560528
-403675
564468
-407401
225349
560325
664902
-529985
-997306
-725071
601479
-301254
29780
-579745
-792919
-726485
-732427
385507
58155
351844
887599
822050
-492263
-173802
410073
547035
405662
-905841
943736
-443480
-315272
763028
710067
691676
-565839
-553655
189224
-897610
537623
-812039
452641
416124
-420626
782391
-290411
810178
-66055
-76733
537328
846236
-889278
954672
-847636
72719
-403196
239703
-409709
-136933
836674
756279
-243120
301814
-611307
493579
218855
-610897
-149365
26522
133348
604576
-344189
889864
519055
-689500
-237608
-48846
466684
-468887
-383573
945094
-938606
174703
-445258
-655293
768599
675896
-712313
225602
220113
-864494
295510
383942
931790
-775909
251184
-280369
266099
936018
844235
878974
-638474
-641568
185020
448586
502319
494581
-169497
61904
778145
-103197
128871
-695709
292378
893287
416447
-798366
-424816
420223
-992126
520161
740937
695463
-575238
-592883
-652935
-808332
578683
833377
679015
-307269
602208
202993
220395
-799646
132612
-412855
-70121
-91431
-525847
690167
998206
432819
669511
-953039
126257
93115
-21907
-491399
-59218
523000
-173072
-485718
57852
-165974
192712
249224
-167637
-572060
-474480
-835941
-609050
738496
-130523
314932
-358897
754542
12155
126006
-991774
-493230
-297679
242293
-993247
382057
237397
-799306
-889543
749000
474244
-383329
728860
-34569
3020
386548
917893
-466328
173517
-248910
-217472
277104
781334
-673570
103024
611660
-174867
650718
-438539
-69031
403751
-972641
-268692
538960
776995
-359432
-52133
335942
-203472
143400
-624408
-970508
-777679
-718163
998744
700828
594516
583881
-641358
416096
182751
-391245
-906251
252521
938525
-488805
418710
-253791
93270
-888862
-223335
510367
217976
-891639
-121605
-342827
463276
471367
-655145
979265
245254
37777
-910669
-683735
-146918
-587180
168878
-877327
-200500
254432
769690
-774384
4103
-219847
-439813
380917
445210
-284554
685068
-38524
-379441
-402644
827039
95161
883881
-340475
-279283
402169
868346
121899
523827
-924828
150788
-443169
277635
975321
-366405
-175394
315158
-960706
680358
-172330
881297
-835367
132747
476668
-692029
936729
52174
443665
298040
317746
-137008
169605
-435038
-556964
-457558
-175404
104993
925296
-475883
793154
-347697
604092
-594707
383995
-526307
141968
174834
654046
195659
-370162
24422
156464
-491496
-203301
-792688
601192
-640010
561529
-775704
-638170
-771497
448177
-220443
-252617
-638561
302511
572051
863322
395454
-525101
313550
-94946
-158964
-285648
906013
422456
-62395
-708871
505629
-281865
910994
734914
-661144
-545473
574531
345156
-686153
-755752
118200
-577214
-240865
856206
504616
-693002
-193110
232789
-22526
133958
-276194
136887
-208958
441233
-828340
-921543
-879544
827089
705042
552211
143317
896248
220062
919813
-451225
547392
3805
313058
105180
839121
215347
9580
591730
-383053
152882
-130641
152164
-469227
84524
-44443
882372
-710660
170371
376880
-648032
-830193
-227813
518709
151079
565862
-110666
784414
-207523
84329
-958854
555007
-232376
-75749
-358574
376158
173459
-761792
234776
951450
387204
828926
758653
613736
948711
-999944
400220
45762
-274444
15141
-809951
-384312
-440460
-169034
-811618
670045
-726234
170393
-847576
877261
-845315
-540075
-890230
-685571
-64789
15668
275807
683271
804427
520379
-845464
859575
52755
928195
963380
-982866
426815
-922815
964500
-272705
913498
-717208
-731582
-220535
47728
627484
280002
403876
-138776
690048
-440886
-805412
-591185
-3676
39005
870062
-87600
514854
154370
817525
208593
-449098
-261375
210998
-754596
897261
33403
-370134
-953287
-158514
-270423
941116
-40265
571999
-364135
-533651
312840
870730
-767269
404843
-960680
-863752
761075
342096
-258952
428529
-705857
-350424
598730
921785
555978
-181370
57841
383210
350759
-41545
-460096
-149704
702600
468072
157375
-985063
56133
-701629
-137811
667280
-703335
338049
575432
90910
371592
-307204
131235
-102502
907307
837854
-329039
-578526
-391365
590622
-985499
-728643
-716993
185157
732348
-144092
-135886
276087
814101
-319617
561141
9123
983255
-752495
668956
-521508
-789343
-607606
246083
241810
539202
437756
321211
10291
352847
-987955
348134
974031
-965889
-255425
-311528
65251
-981210
-30562
-348227
492003
-348015
-192128
-786711
680281
-357746
-886027
-107924
-545296
-745309
184456
-809851
775857
-390070
-506283
828537
-15890
-207553
-200752
139136
-566183
-803562
-638179
-811149
-711417
966933
-785824
-20943
709657
291305
-220439
524047
-309663
-110691
679459
-882920
-856577
-57980
115697
-153675
651570
243343
-811881
283873
547792
-740289
-396338
219821
-691774
-532563
867305
38128
499547
92145
-119703
245307
-291626
-531482
952767
263819
-642824
-805732
660698
554866
-688939
-833973
-172328
-654546
-603659
188658
828590
-751272
-165078
12941
-555456
-292050
-93505
-538097
884859
-821925
-126226
-618591
-968527
682067
182266
-624980
-382170
998984
427911
-331929
290763
816721
-570683
-482133
-728808
-561945
-228796
800590
575787
932229
-809804
-507028
-257511
673051
91936
-456834
-518146
944141
-163176
-833065
779580
600734
-964881
184223
-214886
-552350
-578225
-80042
-405667
64404
-696876
548043
-665740
-594372
-465690
-841324
444659
260060
-967403
-106227
911364
-383051
-695669
657772
-956271
-814589
-237863
156440
118215
-941950
-135250
-841599
785182
694010
-675320
-413732
-387380
759109
-889884
-585128
227462
548348
785479
-172144
-460834
-767568
863185
279337
186903
546251
-690932
213180
199534
892235
-989843
463791
-108041
578765
-38063
-644723
-631244
622558
654515
-254697
83516
99601
-776729
991714
-981167
-914357
-238208
-385222
94531
-325377
-413062
129742
-873292
233613
656635
-250798
235676
932535
284902
795713
-170995
970123
-178595
936751
-681068
-436986
-656789
-848402
-768917
-260994
415466
626097
245012
-924301
320196
-298852
947935
-810163
-556230
-35927
815547
-937657
180785
-223659
-960495
-727576
-412563
-760281
952552
-572063
364004
-61012
604822
-444050
-967947
-958028
-300968
629047
286911
791531
-298166
636077
688125
-784964
-762934
532940
-17546
963885
302913
834716
702419
-342490
-923816
-870820
208617
504412
213938
756838
-788949
-382047
521018
-576864
-121164
-443995
-187197
-187966
989782
-817175
572276
-704902
87886
477884
338800
874813
-823857
869243
-743609
174240
164367
-324732
-422285
-555706
-434611
897221
913127
123779
746927
359753
-735623
248951
-985495
201533
-492973
948654
-185009
-956545
147970
67140
-220950
-917796
-91125
231745
-469446
-528068
400964
598089
-955644
191513
-806310
-29274
-835886
-657460
653433
-557646
-270729
21233
-848924
-39374
-195325
-494268
-15026
259698
-508828
-751922
-859822
-989061
-605101
865895
684809
-571244
915703
386292
110811
824878
-504045
-402869
-382515
-718237
-904219
487549
71335
-657826
-699441
-586694
-786425
500036
-987997
190035
953222
-376801
373302
-241717
-342645
516761
-926475
703770
-555920
-376835
-310565
-479758
1033
-53068
837861
-458291
-112540
-165454
721213
-13150
-357652
806577
-893482
78592
-272244
454101
554128
-753022
-327812
31457
51649
594409
-131819
210383
-4962
-631631
-955860
953487
869920
653515
101566
592987
134042
-642014
297735
-50459
58476
-409625
-254177
-719204
-742198
313563
-640379
990567
-157114
-81023
-22218
-361216
675062
360002
78666
-668831
719688
667693
-829974
106246
-564902
-899487
872726
229303
237406
635630
238047
176674
85742
72011
-434290
139908
-509964
350349
57338
604049
102874
229407
-729866
118348
426813
331661
654289
-750030
-456477
846250
-825539
805663
527555
-307952
-361529
963655
-344544
484950
-649490
-590135
-678827
167909
-860385
277187
877147
845633
988083
-838969
-955254
465876
562150
916405
-232993
569721
-855430
118363
474014
-367874
-235846
-527735
386961
647458
246259
-838584
-2773
-973783
-791594
-840591
987344
-338913
-281500
-508041
-795538
-103888
201209
-255639
68927
-632937
203199
775372
-413847
-621832
47433
6424
-955177
767614
204260
-263554
-453586
890833
641563
-594051
973443
299540
367843
-886734
735140
-792561
341362
355343
-414758
822510
-581074
922922
-108037
749339
-378152
195033
-38845
-4027
-33301
555116
71837
-777882
336947
792077
290328
-353560
-904253
-578631
-939328
-336700
-967421
-819237
-922572
-937111
-228470
723193
-280434
-710679
661182
-666275
724152
621650
530674
-107496
180191
935427
-115738
28386
766450
-864612
511208
-480713
821042
696342
-731760
304604
302903
274040
92558
-985164
-891171
844290
-204387
17293
54068
-305090
89279
-798524
-415557
962197
-960312
-365890
170378
805309
493466
72513
-925576
653739
928083
213640
-10393
-214799
-654129
-779784
-871203
15613
633303
23058
-383408
-486943
-293523
738095
-58574
13111
310235
-390511
781240
192637
510039
-183727
336591
-377244
767238
-580439
-745090
-619676
-189563
-363014
-773541
-933300
-278267
811239
-410547
-624276
-83842
-712527
825381
432006
448917
-92333
679482
-816307
909017
-553368
100656
-380274
-324648
760686
-635809
468480
190767
637946
-658886
829741
-81403
-470758
950490
-71525
-46654
-793836
-978714
-678274
-625322
669856
134458
-723190
614889
-852658
-685679
121150
99239
-61771
-377877
-166937
338155
278443
-495181
-463145
-172554
-599783
-40146
704424
209318
-678122
502506
-906148
-119749
856343
537062
93771
689902
619221
387317
197680
-651072
-825054
676563
597874
-90143
533980
737089
568862
-116531
93674
-707204
-597789
-246311
166283
542871
627773
-256631
-458803
-377019
324942
721125
418572
-61207
55518
361315
-686950
827336
125651
-9386
435754
-833373
-462784
-472643
523060
640499
-30005
-7888
905261
887509
355806
692594
-380738
-590761
-923376
-158066
-899464
996970
494174
-488770
-171888
-499914
272647
-259719
-906183
-887260
-546390
-310339
-424566
-97086
-946906
-649876
972429
963192
154342
-458837
-491091
-754593
9492
-39492
-679322
-351395
-721352
-935292
765603
-559891
-15907
-58091
380460
739403
15915
-343821
212168
322564
774364
-253908
-778500
516739
130856
-806950
820385
-271201
-43840
977732
-792060
-927776
-123496
-921076
438899
562818
369161
579600
-987059
-191009
487514
432243
-593414
-321340
522994
-448302
182476
-443409
-770029
884327
436616
968996
434054
-637906
690982
-570690
481564
-914289
432757
-253025
167510
-723540
-968826
927193
-864858
510865
759651
-672417
108080
-157358
560332
-491807
350150
765996
-428182
-970592
-160871
-669362
-899990
-895842
931566
-780188
-444756
589101
440468
660719
-732500
975779
698933
-344933
79385
-830492
676662
207429
-961885
-990218
629058
-248955
-175425
-496900
966438
-369208
235455
645137
-343123
-47321
386820
-532357
299373
865105
-189843
-988399
586282
241179
55816
-11278
393274
728725
15767
-465109
-549066
-251369
88209
101850
121055
775406
440475
972159
-970754
423853
87656
-858258
-780683
533141
412549
437642
-363481
-1322
-303637
936183
630227
47830
-826736
-442094
-467274
-720971
512923
188806
-913224
848048
782977
228891
175351
-899695
620657
846336
-371158
-613235
-680892
-288567
-873525
-322730
-463584
-893832
355909
-202387
790771
522453
985901
-253220
-367419
95386
972008
-932873
-747524
-916418
335487
489786
-183469
-962919
24532
-279213
697580
786196
499210
618835
-655068
-461038
-171842
-123652
833879
292815
-595008
630105
-226246
606088
-536511
358396
-474793
-347925
275355
690954
-31078
-97967
-541780
-655799
-31214
-312228
-752823
504496
-675554
-118527
693196
-931858
-907665
542359
-859911
497613
25119
-946954
855569
-908651
-256872
664701
492493
31908
126523
287462
-893316
727980
-563099
598831
-629983
-566640
333284
-495247
442683
-107392
-965921
633185
37520
471039
905680
647576
953505
817066
-311769
-469052
-490151
185282
-400520
-79964
-738199
-158868
-889357
175821
239966
140510
-790749
354317
-926015
264426
454776
-264421
-397894
403739
-609189
-654266
284901
781275
433133
600314
-769101
-429248
462947
-769995
-183614
38969
-432890
245610
74474
-102338
-753566
923258
-432944
306551
2437
145010
-520550
888888
676311
-382631
-36405
715202
531708
-80896
-886585
147314
-802710
-253791
-823639
-816083
33498
950031
-990305
947850
-95028
349105
-133880
844363
-958932
786547
928226
646835
-677269
545288
-492440
866712
-679113
516789
-564386
395658
11770
994809
476402
832910
488992
316076
364932
-137400
-708791
573132
40300
-630065
739182
-1416
825432
912789
-350950
-80654
385747
301591
-711210
194684
-49606
318519
-547845
972346
121628
-548502
-170177
-141749
897556
-656653
-482396
-527869
789017
499747
-908766
375363
-313735
265317
106906
-56362
-762222
-794701
-968231
-854292
-990050
684884
-913442
-840244
949756
-127024
232110
-703872
840998
-637417
46790
538215
539975
723735
705784
322451
-632869
-586849
45029
287700
528007
165116
209236
560522
841607
790248
-981794
987570
52050
-294999
-636828
-150541
816581
-347617
-497012
-396085
-77216
-91143
192014
-864571
276112
415466
-871366
797205
-200030
-903981
-579419
-161686
632976
-47953
679541
-668165
241689
34439
-374435
-379932
-404110
-145881
-639628
-119593
-175224
257403
627685
-912694
-434565
-182655
997185
754280
-54115
-172760
-617223
286937
154101
-329327
-281206
943326
-494334
597099
438577
977524
-393405
874560
-133725
446686
-155765
913992
-445800
497309
-650547
709613
772428
257376
-255492
909653
-548611
425950
906923
422467
107079
759105
984184
-917115
96826
-386352
556130
-80298
-282231
128840
-505461
-550394
-601687
-505870
250618
-399563
423475
-392502
-76344
-13121
555902
-422823
764378
-65977
-73820
-780881
479917
-187930
5934
13079
314001
-764371
929898
636108
-402313
597360
776504
-386132
631014
-351548
583391
-298898
-372262
-438155
-686555
749539
-344221
-983432
349528
385165
-993399
-2861
596360
57449
-673968
-366675
-166617
169927
683728
483457
-184395
405426
985051
-443931
521772
359263
-876120
-86892
967260
-685000
-85899
-31276
972297
-793622
846226
-790149
-675479
511021
876726
890211
-576537
-467199
-955292
333833
-195010
377909
848507
-320161
-860518
-537732
-176218
-130515
-93139
376866
-178765
97345
486959
515030
-691407
591488
-301532
-102770
-989310
51275
-777659
-266064
-865062
440476
797444
-4746
-841484
-866399
926735
-193615
950602
647827
27415
-67036
-658474
848039
652610
158834
-503597
-425788
-697802
687670
797152
223673
-285298
-140123
-881493
668300
-309666
-704819
811424
296062
-370862
91733
983441
-956202
-654547
904171
-956677
-462916
-749268
836168
-385944
-122508
-385479
386944
577543
211356
-883270
466808
756987
-441454
-49249
-878923
-470910
187400
-349073
-757550
-305317
-530294
-625922
-936733
-521159
-769418
-769113
-109704
324814
-320123
899624
-264757
-885720
-584491
-429952
-806888
564606
-443803
737940
-57353
981024
-947629
256803
813577
-807512
-602798
-588172
-472340
502363
-207385
-827226
-495487
839947
657507
-968405
-232209
-768710
193732
-726423
-810706
-837866
-851593
-647479
824059
-262452
-659219
231989
669216
-863497
951300
-629115
673588
-234437
-487895
-667789
517593
770763
-933526
-968865
501253
985685
521111
-835305
-180143
626987
895501
-566973
-74673
-607266
-18691
-154157
388320
-631451
947246
767532
528449
331257
883815
-534898
-680016
510256
739148
267909
-256576
47109
937479
-841252
-525708
-124072
629567
887847
68066
-240604
-879089
787278
-633950
593717
547768
147894
6491
-243808
-379533
-66639
-352387
630120
-57928
851190
131267
-570875
-973277
47757
181807
-14475
996374
610696
402050
-723834
-292004
-816049
662149
-838166
856462
-661317
290353
-39423
854357
-780186
9374
-185026
880149
695185
-95003
448750
-645021
326561
-541078
-726540
-932816
-973229
106842
-137202
-732051
-692828
71534
-500816
-318214
-865631
-730990
146543
732288
-837546
-131381
-906667
641341
-393259
141044
674557
272613
-506444
295999
372805
-265303
-967344
-85645
-883661
-713881
107712
67195
945844
925280
742819
-475320
666548
-66251
565483
237546
-16496
-47468
-842553
-969511
-104763
355451
-640780
-765427
-655670
-701895
738409
-47683
-100800
777732
107758
973980
-209202
-555994
128826
663773
321822
-382261
194505
134123
-444155
-431759
222167
953265
692561
-77548
521412
-730012
-87672
-234081
393746
-150713
-958593
553519
208849
-490425
417577
968451
-700397
178705
604797
-2617
-617922
514496
574331
-896074
803030
317882
-489850
250645
-427282
-881958
681947
-351884
-158721
803524
109060
-184397
-380982
898883
-143260
711469
-959785
682043
401842
399535
624703
-236873
-352695
-894557
328518
680690
-825825
-760962
971660
480284
-277316
822163
-565689
-275254
829591
-815988
87880
287474
444154
-7122
-541899
-391130
-838424
-941766
383735
-590546
245573
-980609
-875485
539361
-946026
749138
765664
-561328
-944821
-284989
188772
679590
-474499
-975973
695057
345015
987763
-460147
-15403
-603999
511522
843815
474909
548806
83937
-653721
930000
-824920
-510515
-508193
379784
-708814
-839313
766246
-790967
-574009
91684
186117
-102107
975970
270833
977634
-787998
370086
267414
-871191
536915
308562
-474932
51777
962583
957422
-172750
-613564
594043
250661
-788405
644854
-831381
33894
91975
-818463
27850
-183125
-894646
12988
289513
65783
972647
523915
459735
-957581
-540078
-766534
419220
68112
-429554
-572373
-251525
624934
-803668
-761276
776334
532492
425446
-153388
764387
-624812
201234
-290665
-876471
-768542
-917111
-536020
790704
854527
-741624
91033
844433
-382065
-495260
224191
-52286
270549
-598172
346898
-313883
612686
450746
179731
-20483
94091
-776957
644660
-889340
-985274
-180482
844318
-221403
-725653
-452783
845785
-232671
-516903
-520853
714405
-600620
-99048
851450
-688954
231693
913009
-265689
-954696
-155681
319764
942142
-445841
-160551
405490
-569159
-496163
103764
-128390
554924
99189
34711
394928
-580917
310163
-666280
-334307
109355
266180
-878892
966795
609763
939276
811294
-979925
-491396
-1139
-301455
-170645
-820060
903374
811056
-242724
989836
517736
765038
886294
-591209
-969222
-410691
73094
-840155
-736079
-936250
30315
258007
741254
105057
-211112
4247
985930
426105
-750811
362380
-414723
800714
548473
202105
-83136
-611025
-47235
593139
70206
-579504
273415
-512525
912726
-520660
-294909
-416948
-394260
656518
512955
-119216
772725
880789
178607
245091
-496803
-955198
-94548
607654
-266882
584183
-983313
-807845
-61248
-74325
343636
907370
-663113
-71277
605321
-320405
-623182
29418
-731838
30710
-150127
966732
401314
-327142
287109
109679
-177182
863128
-625033
327054
968306
669516
-661120
153527
-250488
-492744
379867
57550
694174
-106188
-735438
-422153
-873436
844358
79650
512014
-749782
817897
-77762
-809561
435203
383849
745181
-941770
697928
295810
-111339
470895
-491793
849600
562825
-996544
-2510
753946
539777
82702
-579145
674115
623168
-276025
722591
-619546
-997550
-241812
-686758
649183
401305
-828935
-319660
553805
608788
-813325
517499
-870959
897931
152625
598064
743601
913156
778913
6233
82905
-941012
-574930
974941
935438
549751
-389577
-872126
-952146
-339377
-623281
-617904
189208
316414
10299
-83448
513457
240749
91260
548087
-837717
908504
976718
-610816
-733548
725718
68807
648443
-106566
-704109
411845
-367034
665430
514024
328484
-581856
-166206
-819642
492607
-1697
-161540
676634
-787524
-963978
996196
754408
43936
354249
146037
244656
363253
83351
117370
400359
-875973
719475
-474345
-491366
865362
271873
-279395
-655386
-189611
-271451
693611
616862
-276552
-115616
-178305
656742
-876040
-926964
-398441
462960
-199018
509081
-855211
-938969
669552
-276276
-490103
74137
838076
196244
-455447
-726940
702361
116902
933697
-696391
440655
-243398
-522022
-465203
116202
454286
424281
746313
237365
-550080
-389481
-764267
-874191
292855
-684600
-544718
-85507
964386
264550
242645
-365729
-770764
73102
609013
314437
-890767
-796586
384903
-156269
-554906
-596374
-216104
919095
-399640
-345948
-323417
-16300
-603861
-778043
305104
776440
-749734
-671147
654815
886185
-148649
338645
-545898
880309
-826051
177879
168513
41461
-397223
656151
-211794
430741
977001
-60514
630619
587646
63537
247569
512654
960292
37569
185871
-124123
155481
314570
740390
-222836
431128
-612742
-482579
-237718
-745794
997817
-867964
-759760
-355409
291317
-68219
491457
-291189
-10980
948706
722231
546174
-664954
222331
260802
-729292
815817
-956049
596872
-30036
824339
-902664
706992
956779
-983738
-164860
463957
-599432
939457
-724567
484491
-799537
855003
778474
-139219
59205
375256
8371
-157230
-281253
301358
422619
-804873
-383824
636876
-799707
308179
-93957
-623299
-204150
61643
599686
568986
135685
510582
279254
573903
-893361
997667
603032
171776
170068
-150498
2766
-307411
223712
593113
183441
31007
356788
125552
-968272
950438
129091
141691
-485280
-15458
-271449
106309
-189768
185557
-959637
-53644
-971680
313799
-498185
-442531
228246
-399633
-352418
-473890
-249137
-958913
-458381
630234
-860850
-116448
-606985
-106737
41068
357764
364915
-949820
538399
-411065
-844331
-46516
-857204
-918845
703107
-842199
372011
-340849
-179688
334435
-559530
-610573
-156421
11304
-418475
-58975
-222785
-833164
-744152
-957833
331480
-359139
720202
-847692
621554
-882426
-862550
230293
874423
528013
-38515
27580
-61185
-10191
-97497
-981508
762906
-887242
-991968
540462
-277592
221623
561645
-341788
213109
-136753
371384
-857530
3609
285491
545290
229635
-432763
430021
-296321
652433
-976098
-26165
-236450
666574
-456375
-333152
-485860
608523
219014
465514
-815938
-268849
493041
-599263
702579
-486459
-694789
402405
-949864
190091
-492302
-703418
603207
633616
282366
-211261
781008
-439966
914236
375554
544586
-165505
-821754
807249
-717945
191138
938129
-953189
653856
224845
-942303
635889
971054
-679627
-441127
-264097
530362
21879
-638759
-296487
-651045
-350276
-321420
-661735
969249
325350
-53308
-893678
848622
481004
174196
861417
743685
653971
213215
639108
-404884
991097
-637795
-724489
-204403
704861
-61853
335294
332186
63822
-568934
94909
-682078
124938
134659
371274
-874883
-744841
56486
-94142
903968
-683715
142914
-99352
371493
352805
173173
-534690
-972001
-493549
-745488
-192990
-26912
-565754
961446
382598
382416
-2488
-60589
-838446
51928
-771022
768614
-339244
-117345
498877
433840
473670
621303
-418947
882592
782380
215007
558066
-391338
532432
206890
-534922
-157324
-642175
-991674
708593
-940545
591042
-903006
-354040
-965932
-203101
-583659
-875763
900262
-490681
-901811
-834829
779361
862874
-794668
-14013
-980279
-127909
25582
472129
466476
385650
-659045
169893
814946
-36860
699216
996383
720522
-236574
-101561
-3846
874149
-145016
-643266
871864
-36512
-289092
-366950
-308884
-6352
-709406
127339
553518
-593723
477006
-901571
-175827
-794351
785986
53763
940887
-464987
274209
-970141
-109679
-586143
-4908
608702
460720
991709
67562
-482814
704310
153941
-98428
566954
160609
-375928
-292176
263029
-168034
753623
647347
279864
-841757
245861
-318547
-264967
390881
831929
-113656
-357965
744352
457067
799020
-596643
-991342
869775
150638
-247172
4124
859006
502489
-607015
-411054
127316
-638528
555299
281259
532282
-551846
-221468
107786
-818102
-285601
-953281
824270
335591
680859
925768
-169975
874844
443933
-16255
-676819
348384
-672101
110010
-459767
829328
-322194
-116664
586536
-239976
743385
-41010
-601946
53830
428219
869261
-857134
-199360
890302
768651
577221
632066
-822567
-982894
-679149
623583
135577
139848
524590
577994
-488105
-91582
-15519
177006
-147833
-706039
547224
-11353
-670163
-816191
-568913
585986
-337100
210419
-93423
-436656
-243034
-912848
-542349
926806
-525048
983035
230111
582263
553035
-383517
-437824
-917217
-489054
378911
728216
-9163
587696
-106849
461508
66417
-899983
471275
-720763
-162687
569900
-929787
552755
348203
-275085
-598507
234632
215848
-200583
550589
184582
-801788
-487819
118048
-33068
385965
-671540
-454148
165667
-969785
800376
364236
-874884
-660678
383826
902333
552415
-610788
613685
-835575
-797925
440470
-500034
-54936
-747938
424855
59241
-803965
853481
-745822
515830
-673536
-408291
392946
122627
339289
-502616
2238
91689
923744
978529
-753677
-227550
-874082
296798
510717
-375584
783738
-512213
-457034
-487553
196690
-664086
397903
-575474
443743
756130
825819
-5036
463139
805917
788989
-819527
778977
441459
-775142
605542
613075
-582592
801581
-856504
-939959
-989038
978536
854832
395730
-447930
229875
-806500
-695089
-594413
-338453
869890
-569334
875912
97100
-977475
207243
861737
-765805
-351705
825631
-768649
-287719
820517
840302
-239282
-576552
-370972
105600
-585085
440409
811066
194399
-294504
-386779
-349821
-669995
606283
-809613
-368673
-21475
-377172
-411175
-667456
933539
133375
33947
-558474
-306401
-916639
273534
766402
603028
-200827
596360
-47516
183975
-514020
-396244
-999725
349585
-993023
71450
496180
716413
-388496
498600
374790
447022
-261474
469529
-242847
-213675
-463643
-272401
-852958
290681
-276087
-722751
-630401
-898107
815385
931037
459876
-58508
-576768
639878
-723051
-739472
990200
452876
311006
381561
-604493
94702
-81193
-114732
-276238
880754
370414
-864715
205406
-201557
973413
174303
709776
-315464
-716635
-366389
299498
464951
852506
-982992
962233
-341079
-632888
360886
844610
219806
-826062
-579176
-817338
-328278
-410646
757424
-812062
-639086
-308392
-94160
-657245
148968
915493
558122
536171
699727
-802873
918369
422443
-212868
528075
801314
607486
-342845
-141537
-843230
64992
588789
924455
738903
-180924
507859
-610976
967545
-654361
87865
357850
-115106
965837
-698962
-681717
169205
578238
-971918
-636259
-960135
-758682
171861
-262983
983280
55149
-224763
478618
330166
-809039
-733811
-385542
521570
-567192
-547591
838835
-463824
-979538
-517925
822975
848867
42728
-851260
153491
465642
-985487
985917
-281295
-64749
-263564
439662
413246
640333
65182
490681
873077
20340
-647932
-794446
-529682
763726
396505
302512
103567
-583830
489474
35960
196998
804981
742378
-843388
-587962
-998852
-659736
742964
-737455
-621359
137257
698526
277580
572710
670431
-404345
-910685
684266
647389
877526
-42388
707019
-543929
-520941
149255
-179099
929911
773629
-318600
107987
-93629
966829
35339
-498599
4333
-116242
-696489
194461
-812787
298063
274056
-386557
-688905
-348505
-658530
-780333
-113810
-363179
-220432
323329
-466566
205746
556013
-656831
-223346
-439542
-7901
-725986
-349223
545578
667516
77871
-37873
462399
-840554
-274231
761418
244447
821832
747800
-574840
248991
-759529
2075
431075
247658
-461278
-12075
-358030
-762199
-378773
-471802
948285
443966
698558
-542030
197014
380729
339849
204667
558874
-234614
-709528
-116374
-490107
-428963
929148
-723398
777317
130033
695259
986882
196802
141590
-506716
730019
-142407
-817787
-391989
675196
-788695
-986388
-977460
-81676
-817809
-980249
516371
-683336
-395799
372987
-512076
641733
-319996
268285
-939478
698071
397165
-316415
267268
316991
-118507
-327340
-820662
2596
917343
989218
-165679
692509
-616158
538709
738413
32596
-212356
357012
-551549
285837
-220695
-504656
815627
775797
-29166
672252
455290
-18140
186583
-808519
957483
-795477
-789943
263833
-686707
582524
-281718
94059
-826215
-943054
-216778
692869
259062
-460160
927738
-43007
443999
136626
658073
856036
351511
-655663
1727
40983
708368
-517160
-818235
580144
-457543
-551690
-786445
511904
693110
341021
-565889
-77689
658342
313626
915130
-288495
185634
266853
-220881
-206596
542493
612821
418564
-895191
960685
344622
-167185
-971736
400912
188491
261833
-790955
-883273
36023
104891
-117541
145050
-107735
-172806
150700
414194
949446
184525
-459596
-951219
684085
-208026
248741
-558811
-268922
-618451
937831
-677300
440314
-289893
729213
-109898
-910117
273744
804687
-595145
757279
-375499
186231
-399193
172593
520818
398442
164040
-290579
663167
442027
886134
-477276
-15714
229691
-821077
-936798
833589
-824896
-271650
230463
551547
988055
730477
-572089
-611888
815892
28164
804073
-31085
601864
682396
-195544
-756607
-476805
600175
805968
106092
99273
-748112
823594
-212783
846758
-191271
196015
833591
-695235
945988
-649580
275463
601220
62514
-768056
615041
-89881
-862328
-387732
817288
257398
136157
977276
154151
-787386
622003
697057
-147460
361781
69787
96629
-51433
417555
464008
840829
410015
672743
-313445
-945447
899069
906333
903285
-787383
861068
-202834
-746241
-824010
852606
925298
199878
457251
-591835
-114735
-911293
877297
-713685
-390040
432989
505208
418859
365806
998178
904149
637605
836121
-122333
422264
209444
578370
-754518
-347731
532325
279504
899595
365406
-411293
248803
118306
162339
-183424
-4160
-741363
147960
-637158
189873
641641
503155
727803
489658
-649476
-321276
-589448
908228
-379259
78223
286791
99375
-862588
-677988
533763
-390192
-132216
-93050
-251974
-199761
-620401
-390739
-369634
948522
-691358
683107
817021
-907732
-802066
-253931
-456141
-689381
-450814
479551
-169732
220614
754268
-390304
631921
362223
-649286
-898154
212158
-6221
155
788537
370034
604549
688992
623500
-606543
-288978
-20257
-322852
680486
206838
-133003
-872897
696864
-716042
-988746
530469
313351
-343539
49772
536694
-301294
-41225
101599
-508304
-341400
-66786
436493
-170995
399226
674419
812156
190833
-16330
12202
-668616
484642
262802
-440416
114422
-871848
-520815
953536
-802756
-718124
590175
103668
-432103
649116
-703247
12365
638844
786518
-99524
419273
-959985
64329
-348253
-425748
-257764
284338
-905580
988896
309930
-708658
313738
-187143
938926
-125075
-161986
579997
-69903
-898182
-553550
-497446
977121
-438
343608
-719154
-314988
933457
770050
-290503
-11758
-551570
-627107
-300317
186229
-859240
-546524
598580
-387196
47844
316061
-303509
-613544
-983629
-971513
458846
39881
-339650
-429321
188911
25595
483539
-929642
250444
460279
-964312
-617801
-829080
422102
253047
-946171
452591
-967650
839934
300067
995744
343585
404058
792638
410780
-751824
-494282
852103
397185
-256583
-794730
-861404
-11526
-479651
742667
312131
372235
321416
278052
959695
-697005
-924944
148931
-61888
-852088
-602368
194757
269878
354109
-837086
-642354
-209658
-535812
789904
-590960
56274
-82506
-533441
-648803
-969842
400806
758175
737498
928570
308717
287169
-888966
657154
933438
930132
-56030
-243054
-836860
-754921
616912
-274075
-533818
-900143
-85448
-677268
554429
-793903
229317
-445707
370295
-442986
843572
868413
-828617
91113
-420993
-749359
319135
-993326
804833
996404
-565479
-732373
928227
326772
-297031
780978
-191012
-159831
188252
-962697
-592062
-607475
-370159
-882772
731071
-871641
181321
-252854
-433429
199957
577491
-517734
-413182
210681
66736
671380
266807
-767348
-312113
-445837
840142
806341
602963
602186
166917
-805463
189154
-690809
823577
-966935
331509
-816897
-969341
-237876
-873401
175136
-608370
869922
-870332
-38261
-780668
-711882
433546
-201962
584335
-572996
-576477
478969
-504964
-974252
104736
-424652
-866231
-48154
-762532
-340273
-423654
-284465
754636
-318886
-596184
319438
-433848
-18872
-421296
-827105
-572797
-6130
-802839
-238497
-208004
364810
-108270
514011
74198
251105
394276
-659116
393238
314503
92305
-276997
727653
339639
974850
236044
732999
-636130
-804097
-204587
653275
-484072
962614
-270311
842203
332043
735129
-488350
-315194
-860348
-53153
-902900
40402
-52200
-651254
269102
574721
562698
-701289
206864
-1065
-604770
-78898
-409034
-165746
-242896
514
-232918
-579685
303189
-16373
-125194
-388639
-811044
-628097
984002
227834
-724510
1977
-995477
263264
-183004
-619945
734906
950414
-802283
-321471
726012
-327615
-29408
-894528
-337323
-177988
179758
472193
-959943
89621
-21232
-400015
-105451
-642601
-425668
-154504
283236
22212
-2115
124235
-891219
781897
366706
-325885
-547862
797223
682048
90254
-732552
334044
-440803
103917
-812777
-450939
772039
-775163
920374
119091
108032
484181
-212899
804983
958105
303047
939639
-351692
440842
695750
-106080
-438684
-840571
541863
308474
-473650
464306
660346
-806532
41055
-559814
-621459
314653
-172950
-372432
-472635
-135158
-713192
-123729
468218
921784
83201
331444
-806333
496287
841809
776676
279318
-902705
-613692
-883066
-476786
-302385
-193832
334710
-355698
-890238
998493
-180495
258207
-629536
349468
-952686
43625
16384
944567
-240398
-800586
-812751
887385
-90933
-709497
-965962
-556387
-819662
356445
-74856
-414148
-457400
-950174
-289070
553886
725394
-33541
-494238
144783
-729502
-507874
316246
386663
545467
563624
146573
381860
-11126
-641417
-78349
-450471
-334028
-684295
376550
182157
508868
491907
359672
-331161
218224
964707
728467
806275
-407826
2517
-927746
831889
-884387
784211
107911
-363271
-435988
-821157
-131866
660022
-52607
797083
153147
-537469
-495654
420509
-797445
289890
371489
-502141
-200991
-918747
910359
-808833
-868395
-469666
625228
-994720
540512
-843030
-203829
-674076
-475123
215383
700986
377474
415246
-67646
737134
-544312
-563265
113119
431907
244207
543346
-97344
706804
42799
-987338
-246895
-514278
-299251
287934
499854
-953657
-51938
-520088
-619688
-816250
-674701
-240995
899599
141286
850381
556570
-550245
219345
328502
-606584
-218681
77777
-456567
-968893
693940
-15880
-286940
-668258
773622
900161
182007
-66315
-753588
276415
-354342
-346260
843623
922668
-155660
-37024
-399243
250331
52870
-248353
-236117
659424
-748332
-173411
-724363
750689
-586524
-465061
902385
-380863
117072
-793049
886711
693665
719977
-78274
-65654
-839697
-351342
-574619
170620
886713
-663890
-673623
-4987
871332
641418
-174190
-563903
568240
685957
272503
660228
586564
-334881
-781359
9817
650505
-728122
651467
602607
771026
779664
-203550
779487
-964890
225731
360881
819056
188415
894082
-747700
-289665
-443239
-898896
676349
-483711
198644
121846
443329
-12147
-284681
312475
-883252
-682850
-742088
363604
-21298
-870791
-820243
-432904
184293
193963
710062
-188445
257972
-978459
851348
544097
-625176
275724
-34728
690755
447918
-824905
863307
628366
418215
-33777
186864
571571
-961923
294919
174132
397319
783571
304874
655747
-648126
-39941
-578618
871751
-955984
198313
-85091
-723771
-96516
-471304
869061
243776
940659
313353
544497
-194568
378254
844690
-858151
-121253
-409029
-77079
72661
-195751
-501105
-350405
-573793
-378241
-698347
-458863
-34366
-554458
-798389
-99030
803913
387443
8422
-97713
-437139
-720327
-54557
901492
674365
152971
486868
812778
-928927
944135
716770
32150
219741
646248
799397
-338123
-675414
-994647
-398984
-100381
-203320
382940
-507270
-365917
575580
871589
-294665
-583018
-814143
-460921
-254375
82712
-855186
-507606
-603134
-6338
-140128
-581435
526743
-504678
-147206
-998753
337927
-88438
977707
-371142
-419103
-116198
-434076
-19453
-328909
96649
-880876
-623832
-301180
662798
-586439
604195
521652
209498
449569
-235069
369229
-578609
-994591
252932
639551
-843135
-523894
878124
315162
-639180
804734
-667423
-426283
818844
-863286
503513
912706
-994619
-909382
-526874
-689397
773956
-980969
-540743
-318758
-848376
411296
-550401
146768
-837678
-45438
865758
305410
234923
737813
917653
903998
-994235
-688621
813624
-734950
-516848
581611
41162
-253503
741838
14252
-372738
-760732
-15713
-322462
744178
-300657
-127038
769276
-844235
-164027
775100
717003
-910068
115331
253476
569767
236228
476172
-710424
-126120
-452916
316408
993755
-857541
506761
827528
-172689
-577257
314264
-833758
913354
351074
647323
605616
273619
631914
-957272
794154
783616
764304
194066
655113
-646273
373064
879204
65282
123538
-706069
561668
-819793
-843005
632947
-705069
877342
-216273
-369138
103294
-921566
-779509
712845
-545041
-706443
-771912
661998
-470748
-940903
-991908
-717714
-854376
-767686
794780
-674664
-936216
420782
737742
289661
692415
192203
376106
480320
-559269
223635
-675225
929153
379013
-883653
430438
938076
-930558
-883844
-248922
-558438
255698
-710855
-498037
121466
610588
15605
169176
-592361
-908333
-288238
-667741
669359
-538646
-42781
487432
-889505
-767060
-580363
-756364
128615
438716
-441720
-989374
37170
483739
-942217
-675116
-426982
106867
-727359
-58707
445390
799153
-769159
550458
-64183
-648459
666648
-424417
-723184
-214307
608338
-804528
-196164
-631717
-605766
318642
332981
901571
-189290
-694132
229164
294988
892863
-590378
-995747
114134
248413
599380
-751024
-318606
-625564
25227
164000
-281432
354556
-922384
-458282
115589
588604
411207
-425435
460550
304587
40791
297595
-104546
947555
-744124
-475422
10244
-88864
-184275
98873
-361932
-790020
237091
-54417
151194
-942358
-637279
-711494
-378592
-91769
85654
202785
166219
811935
-598366
343810
423069
-360791
856764
-921517
-70033
269567
669261
273378
481103
-676197
-753702
-859472
811543
207603
385931
592574
560588
7233
-350230
-319221
619158
-963191
115121
409746
165779
-555387
519666
797773
226953
-360451
534591
-941815
103679
421224
-333386
492748
55359
695980
-538103
309969
-917494
-674094
565015
-750792
768873
60075
-951415
-828821
347369
-534758
873919
854535
-458907
103966
-864238
-715956
-163377
-180589
233956
-976657
-533842
-92391
267961
381433
-984345
-139240
302606
-943843
119235
-496831
765449
-795149
908857
-134481
-861047
799944
354431
352408
601742
23639
-832154
472637
927022
-834253
-671362
-368115
-70549
29843
188610
987193
-458229
59905
480264
-168675
-674899
700968
130697
-92995
-812756
-406853
62171
425842
-992770
97199
-284122
-804007
456567
-836195
-892818
934465
-530267
500413
525434
-21759
591160
-72429
-755702
-487402
376145
813722
765725
847736
-852167
46576
-489328
66819
-202157
208099
-15537
90422
475256
306488
835507
-453676
851392
-961182
572252
711673
814957
650536
280248
-26976
543852
974759
439230
-780614
551774
-813654
668862
788150
925597
45816
775983
259881
-933318
308180
-796950
823687
-822660
288433
125482
-513001
-767334
388326
-513581
117093
-894635
-743731
-858539
-635469
327230
-343842
920225
494629
-492729
75285
-408491
934657
-653475
593545
-505078
774052
87044
-74596
-14708
394851
316410
-463826
-492734
71904
667872
330217
423371
585126
-457719
-105563
-328609
-752780
633031
-878162
278729
634733
-478829
-577548
-225104
432694
368627
-785155
-463973
851141
-774780
989198
-368918
-491336
-318947
-670583
47491
157091
123921
766601
-48468
-414551
-698249
-547027
-491570
-391189
60504
852575
563664
488866
511758
464444
753699
151621
-400986
-801552
-115047
-676364
23580
29281
133940
-540555
86992
-640855
325831
-100294
-577680
400212
492607
-898636
120653
261782
831424
579938
-242439
309830
-682234
562000
-198014
663526
-790407
-218306
650508
-480763
22373
154581
93476
-560128
539754
216511
157396
-372756
-67128
-849621
-586866
259762
-716420
-140039
-384720
435681
437951
380327
986379
108552
-297696
-844371
793054
50153
414078
105694
-334031
-137716
-917014
-747717
202210
559953
-860926
214633
499808
-876314
-316646
-423622
232624
763279
118870
-232569
542957
633947
-712394
26903
629072
389255
212755
130049
467885
272030
577872
-982657
-858198
-887624
-195885
909518
-870
437574
-609048
844057
180652
-537234
629894
696598
78105
-864532
769008
382632
213432
422884
-92121
-124029
166649
344286
686665
804285
921403
-610782
-864522
-598616
-680204
151121
248684
111553
-465872
-113377
702113
-192491
497811
666071
-977080
-280572
847498
891645
71052
-28820
-206215
-753680
641733
708058
-865125
-46230
-616708
402215
461995
123650
-39347
913836
903681
-525619
-313268
-806895
-89294
269720
-960708
173798
533265
123598
-546150
-120745
-44170
-332213
626048
-455681
5077
653332
2014
785362
83047
-307210
652930
-2665
873022
-813125
-696663
-473357
-116089
19055
-466216
-371730
422683
-752460
-666803
328483
744055
719120
413433
358051
-569120
773908
-362172
-112513
848476
207907
-826595
-214777
-834947
937144
-651278
-951027
219359
239546
175573
-295894
697399
-706759
831056
-663465
551651
899708
-224005
-152252
509207
818719
748221
918823
-217435
-987634
647367
-91180
971029
747526
-479678
-25307
89693
280929
628002
-792744
-546726
-873544
245747
54890
98674
395892
766757
929935
-527457
-885894
157620
-32720
643948
-15596
-584763
460633
-116391
-194141
-673376
997955
-385232
661104
-863643
502601
-449688
-426008
-645376
647586
-922938
-400547
362781
910681
-114318
488790
-66225
831623
296274
-692660
827167
-733066
576883
371117
170279
-269076
917688
-761272
-276068
-501584
-786643
-562528
568035
86032
-174252
260571
385828
975704
-906514
119203
219445
50117
-742858
-39104
-97986
-634878
116138
184288
-289054
-80902
911265
6888
-521844
-779447
-210496
204681
383970
-28725
356430
231815
-424193
657428
-844137
613052
671692
947283
244101
-347272
710494
-622376
519963
-983029
255903
-581738
357016
-221768
276707
-604065
-828630
-280017
748296
-495282
21386
449667
265009
-418257
72284
-478075
-531828
906004
166263
736081
-243542
-969994
-105671
346222
353194
217854
80607
-270014
693813
-745331
102804
-439732
-327209
-101290
-195744
833403
-14908
-828114
42965
-753626
889204
634585
852685
-807540
887102
745953
-138196
619565
652953
681392
-446728
744398
862927
-151609
732846
-541308
896631
271061
-287781
-553789
931372
-336172
-394192
-323438
308557
-815311
-182507
-460326
376939
777117
889886
211206
361637
217722
-269693
107246
153538
-101513
-958322
-37463
511081
393340
-832970
529487
431620
-388629
-802815
534741
742856
120345
-101475
-719900
-642254
-663534
-510295
-670965
919892
308577
-71692
-944321
-774017
-58064
-181117
-937990
-152554
-756598
-348129
-444273
382887
419981
-999315
-744951
-101434
19245
701146
201023
810621
220174
758728
64022
228246
-986947
956304
526903
789373
504880
77538
-449938
570302
-44584
404527
-854772
-239898
239518
286395
576007
-412230
150559
671395
521073
-54535
-554822
-877400
6546
827667
-330276
-574696
-619852
891815
-516282
-806151
-628575
-417081
-54674
-438142
87676
-159499
-995005
97099
-357155
326416
-467591
970997
-82181
212304
-436506
940705
-508233
646295
-548371
137699
-729134
-248811
-860585
548800
-72155
-158035
697621
720013
-501420
-637014
849525
844444
-539685
-205039
-393170
304739
691774
-967901
418276
-429769
319053
980867
955452
-588104
-105611
639068
-253339
351227
-469751
226899
518565
-65506
-101562
422151
463717
-74188
272392
832044
-945721
-677227
403066
263858
-684434
499684
901840
-502402
-736682
267412
57874
23103
668606
987887
256411
140899
-867759
960713
-722434
-860024
70535
-979328
509350
-988775
634695
507760
380530
-241659
-858733
980737
509393
-645804
-683128
-468472
764662
309529
455534
-442275
-202435
917493
-868522
899794
-321080
476317
-454940
888712
298571
863327
-597384
-279127
-313016
320612
-312142
-90787
753218
-471337
-416802
-210890
-338858
-420495
-309363
814815
-235322
-697969
268969
-692304
-959677
346676
382405
435721
405246
179099
-800503
986073
-417371
-834750
-357159
-988858
-90285
782142
774824
-45475
-740264
-139789
-11859
68261
534572
119262
-98009
1440
195823
443697
-65810
19619
-462814
-949621
996715
487499
45234
270453
381193
-916226
-67440
-102727
-773728
635368
-485395
327208
-536988
444907
166876
-81318
552750
-405444
-567215
611688
743108
738141
758530
-928026
721823
-708854
-822112
124112
-418785
-837478
-563374
-851781
-423067
265796
298811
525453
400192
-423479
199654
373517
931860
425594
376539
-123986
360712
270195
-150992
-225182
138614
-18672
822140
891330
-792268
34024
686420
109310
595947
720959
601118
378787
-592694
-578750
-431215
-564569
925977
-565476
395223
-835510
-368485
416827
-990354
208394
436741
561295
685554
-555250
766739
-888118
-399314
109655
-383117
-122317
433605
-636452
-120050
-795116
-303188
177323
-81747
-644282
304103
-959313
381104
-247124
458411
-436833
-147436
-469487
800907
-276047
-520442
440150
-494687
-56809
-826922
875318
-410438
-874035
686691
-190385
-448922
-803037
672272
-889447
881311
668000
-960070
693245
902527
-281629
-269395
-652294
-119176
417994
-649280
344509
-362426
978342
-708014
-208815
523204
932148
-954465
10216
-166772
603023
596931
-226814
218247
593663
-830678
874268
-697584
42956
-300527
-559253
-5991
515441
-361253
-933222
543915
269862
699378
665118
778096
894870
154831
215478
712040
512323
870915
-750651
-630338
651807
518630
753446
396164
-515642
-685301
716648
-717192
-460427
-344414
145578
139721
914596
162148
-784361
471114
537008
-804395
-719250
-839045
581200
-380489
-938631
-186567
-575837
-304208
-970052
309841
902134
-79949
855587
589422
574247
-796858
-95685
620056
399668
-443034
854190
334576
-37676
652707
-441274
-699064
288087
-121363
-334766
987754
804028
415187
-685824
-343269
-840941
-549595
-379631
-558054
-255441
-894576
427377
-232618
-640726
-397107
-135258
298477
341330
461225
954961
-65294
-885937
-627509
236664
-298973
-650044
754243
932515
-548509
189121
516233
-863080
-161746
-784579
466128
483872
314251
232576
-960419
-163037
129996
257927
-630660
317017
15462
666036
-157715
433361
-800878
-395164
-772737
-874638
791059
230533
-204715
422691
313892
667075
-112783
-453005
251545
495687
-953851
-717946
-918864
-426702
233367
-23054
-945484
971967
325134
-505403
449230
675460
-413925
-889281
-843748
652669
304437
539101
119590
898734
605911
-114300
-961923
-166797
-891165
-909230
119992
-257572
86724
-879905
95977
-594789
189694
65349
-388859
392508
-664657
-724338
290332
910092
-347213
281490
-696503
-24534
953138
-116169
988158
-662271
-807061
322083
-292112
-712186
-922267
-350115
639349
-893965
-595949
933409
-862632
-601819
-827571
897039
-372831
665809
-56674
229225
-802707
-221354
-794578
441552
929884
-971349
-372072
159438
406526
711578
-967725
-591575
564979
-380675
225242
-904988
214059
963745
40779
765360
97997
-800356
-683849
983717
957765
-330986
-413556
-611575
234062
-260457
306557
-902800
638407
573997
-308139
-564923
400605
-471033
674335
-788894
505054
-49075
-386198
-984442
-228945
-571695
-984234
-553130
-253185
360367
-184470
-608760
-615379
-674417
164673
237605
563069
-774456
-814111
-592465
86748
-730028
120303
-541884
-76722
995029
121927
785105
-220500
253700
-414272
489366
28331
263909
654085
117588
-767437
-522899
866722
417379
123912
-89722
854595
-766361
516039
-458406
962382
651455
590266
-890426
986981
-778096
-636797
-39779
441168
166450
-523686
-970959
-485916
-353794
716954
792595
-670302
88334
-799667
-460998
-85312
910311
-229361
-168592
628454
-150526
-725988
250051
-740753
-913812
300302
-87960
55110
-780608
-950923
-933722
600527
-391377
979574
590659
581295
332753
501820
-145955
-730429
589632
-965029
-597559
-465487
-414199
492813
-758104
-847143
682046
525289
80821
834885
-861131
-712545
697202
-959055
165320
99065
-860725
632832
-288241
865275
-211296
-667538
-752695
88229
510330
-275573
865103
-82797
-616801
-606132
-544451
82430
560118
-69038
-92483
-745259
989010
-249207
502075
396274
323301
881845
-269107
151035
893035
-328640
494596
-851789
-280735
801516
425722
4676
560639
562752
655254
-847928
211929
545531
658035
735063
132013
127846
-720707
-664658
302158
-678831
-19555
-739590
446879
23964
106621
-20217
-617533
601504
302006
-746234
661944
696825
419186
-72443
-131811
-215973
772295
696539
906745
356162
-632494
780366
-379047
-230574
-807307
-408149
322332
856685
746701
-986417
400236
-11803
-564273
-127129
-689895
-962578
638698
13237
-212389
869213
797823
985550
-57404
-697674
-833342
-85845
206541
506768
-536125
354260
-734936
937216
-286087
-289368
-175869
-706046
-343149
532277
-459747
-728117
295324
601314
-944066
-938000
148699
415595
67125
7588
-523066
-772003
318670
623523
227811
-186474
-250417
725468
-650021
534734
437851
-496977
132714
-107609
594226
176635
-224114
932288
-169365
538230
401869
709329
484157
817254
-933375
-391744
-748655
992186
-5278
560453
54939
-179813
341504
-320973
-310151
620261
399712
410156
-657189
355160
-895414
-447064
-692769
-500512
-87930
-950562
346745
418975
-585354
-861088
-665159
-777840
178120
640349
355040
-476074
98944
-391368
-56731
578033
-280037
13286
-536304
489156
-549198
271488
601116
308406
-786037
-597684
-120362
125643
45256
-735406
375714
-248482
641919
199900
809940
-127919
-157031
603035
-969346
111240
539860
-419893
-105029
775194
-206069
-607774
-219335
-490695
534445
-839509
-414466
394858
986293
-714131
-469177
-98257
-876488
-529018
-7857
638970
764056
-517345
904302
-216588
61030
132363
65502
-983919
-238412
97183
-605024
-958641
-516438
602460
529554
-197886
272221
132996
255038
651210
739223
-965538
405883
-926302
979877
552956
-404838
870416
33830
515043
700466
-932312
107030
731863
-802893
-505227
843652
315857
-95308
110797
-106616
116859
-405540
735989
779859
979739
-193109
452578
70022
199309
-806261
-261662
251689
163103
-22069
-560813
-264743
-999477
722542
-281838
943299
-911937
-475950
-677723
442935
-38538
-7290
-375716
-947032
-27456
-246576
658076
-711155
-914918
-319838
-208918
274704
913289
492523
-378047
806290
-34406
665191
-266821
-693886
984169
327904
-966180
-358390
903876
687576
-53755
-262477
-70637
-427473
-313440
606765
610212
-152807
-208005
-438020
-123286
-764555
-643201
276380
773817
-564546
-18846
-356480
889358
434127
440599
-425440
-135616
521699
863817
609721
-74694
502459
-33939
205504
396668
819520
455708
-332006
-642774
902774
-23250
855541
959316
916115
-654750
61175
-812218
-520691
399465
-137853
944982
-35869
30795
261892
640574
63679
-29282
-262764
808488
992812
312873
17431
-34698
700196
-381570
-271866
-384903
-684433
131894
-145186
-286013
815324
142646
737280
733013
-7693
-3534
-863910
900104
157896
31548
125372
81110
-543940
-70668
576742
-350837
40252
-489708
933764
955846
481748
-21121
-407145
746900
-909316
133527
941808
-488272
962446
-407935
-295883
-829544
-390942
720140
124937
993406
-851550
746975
-222982
-562207
504600
-50452
115373
591619
345571
-440106
663991
-851600
550409
153450
-725070
-613203
-248779
-6778
-260030
-547560
-647222
516096
-836658
-314931
-766050
-185957
241415
757771
341985
88240
454985
530521
226631
-440224
-695832
-477436
-991793
358996
290985
-254132
767334
540587
682986
-894349
-712474
382729
-913925
652819
764261
805905
564288
-390788
307991
521224
-441941
498399
357128
385871
-144753
216483
-584180
-275809
176543
61054
-988407
681413
736082
-753112
745135
-768511
-771156
-769752
-63774
-944098
-48823
540071
40350
560031
309297
167518
-171136
-776349
-439982
590340
-118944
-532576
-372626
787733
78874
-694735
432183
498627
677539
-123189
-895711
931479
752420
55401
-323780
-197285
629602
179309
993727
-95174
-410604
12145
692613
162967
-683668
998060
132819
307817
-212545
-349513
971878
-575309
29244
88867
-106873
-107481
771382
-589868
578932
-801230
334073
347460
220611
-295196
977681
-267291
-494599
-417902
16226
-197560
287075
425423
-743507
-781739
-418954
-25972
332264
171051
292871
-748169
119055
-522622
698070
533028
-41246
-230814
-582507
704878
656794
-947138
-441800
-328543
860506
-704010
619741
-886859
161510
317708
-119214
-263466
491339
-60876
-123875
84440
918343
-101035
-144028
382919
-823832
733150
130422
668130
-120277
704128
-466227
-253634
-165028
916004
-809182
853988
540116
-315313
-981952
-178456
947087
-782942
299189
-255144
616552
-737365
870337
638426
-850491
-522597
769886
-633137
-224989
219736
181419
108192
-954345
644009
-205269
-827691
-448779
-186782
-428091
916589
30843
-227570
197172
260845
-696623
448576
-587705
86837
8583
646895
638464
-753384
302367
360023
-330875
-654077
738281
814130
499027
-704854
-133196
-914227
70481
570071
871561
164166
-144632
199764
756432
-92610
-576819
446290
1370
376773
544798
-359883
564273
-592064
112307
-550966
-727495
-491792
973414
-267638
-708933
618401
-118216
680595
-792666
352485
-620398
-470296
93825
190712
211591
-360031
495810
-501610
-983155
-16982
453981
163433
-416263
20383
-768458
461742
-644637
108313
-538570
441410
423786
336913
-438028
270308
980454
94171
-405408
478312
15961
-600661
-694271
182269
182588
-43060
881009
548176
-308611
128563
-645911
-152114
-832259
-885213
129408
-434577
505784
-109176
430425
-256790
602487
995854
7623
-971931
872492
951561
-28739
-440222
-452662
-596820
-11408
508432
-543503
-591103
741472
-141050
629608
-326843
680061
-579735
488190
968918
933846
-573665
-733171
278293
-479241
552627
-433327
-201304
326432
-674809
613364
-88359
-808327
818837
-448330
92011
900200
-714943
519425
904804
296221
-644699
749254
-767987
-143954
-700126
-823022
871290
-110037
742738
-129922
279956
249366
952472
-79743
836920
-617652
129132
233753
-907768
760696
-335885
-722909
-33298
-338373
-741959
99436
502462
461212
-71663
237863
192126
-320004
-796314
-335299
-676526
-48581
-781745
-999194
-617175
540430
-362521
586430
649834
-691497
-230464
838673
-398743
-161557
802598
-961266
-781879
145932
-991899
897375
-87032
626613
-145879
971
251503
-965712
-590165
952422
300728
-613868
-943066
491314
25363
-483791
495063
-991380
-782168
7060
-248131
921678
-774707
-150939
-603263
-543947
11349
957707
-19917
330973
-281328
-856820
-821365
-336849
-291036
-157680
109449
-656457
13845
843561
975371
510834
838931
796935
-246717
-803194
799069
655706
-745524
-709556
-681506
197102
579706
-901364
-192935
280028
359986
599029
588375
305439
-485494
361842
383913
862038
487467
-373901
104393
896663
226093
326042
473004
-305314
625066
-733037
-730991
-567343
620603
-302383
454521
-488807
331722
-702354
59194
271719
-279879
51780
585616
646960
11840
-562284
883852
42623
692129
-442090
142011
528628
-747967
589547
-298703
995294
-859291
-38206
-147913
-909851
497892
-428626
710993
450238
-557393
-795560
716279
-500176
683789
825151
-930837
-507265
-286903
121089
799348
799631
-181919
-297679
-296797
-669562
730609
500548
-532368
948142
-908674
-811018
497569
540700
-76430
20432
21154
754813
208890
935818
198381
-190983
700751
-150082
-669380
-130141
-889254
-149940
56979
-325771
70757
815950
463813
-761695
600643
-943333
-835001
-546687
963996
697718
-577542
-925320
-834869
716848
-123509
-79644
-71005
729149
924559
-332730
292536
-696026
-539709
595583
-235919
705761
885801
-660873
836729
746129
-830327
18719
-8036
-508634
981730
291261
912955
831646
-116364
-907354
410532
261938
681895
596186
858554
-330670
-322830
954722
404866
920553
394688
328888
917920
93364
-596659
813219
550962
-351950
62773
-8597
223269
61840
503213
173823
322835
-772063
-717419
879183
149369
922945
-553721
-499985
-685997
129889
461601
-835982
-448707
718059
-704805
717252
-833609
-913489
109461
343909
-61106
-868168
-659032
204978
256971
793778
103766
-20874
-102822
-747909
-129107
-474085
894634
-123151
317919
-989505
-722058
-960595
-618157
-931742
-848241
981681
63677
-387745
-38191
823222
-242967
-236044
-644904
616365
913092
-850029
450595
-454872
-331474
252089
635161
-649084
619487
593826
860464
743802
-106225
533643
-395331
947482
589825
-207315
927109
-780711
124464
643268
-859192
210631
-845184
-395808
-503307
-45300
-643165
-296443
-177821
866778
-128920
-132472
59752
-91167
64545
-5151
-463608
848714
832682
-647876
61060
847
-862981
-610988
200770
967752
230904
-163969
-396954
-372252
-973384
284786
394440
-743339
-497635
322970
53422
-876160
157005
-689665
-938454
991223
-799863
-979446
-153898
-557156
856679
411517
-918270
172018
-514544
311954
195073
-825220
-238354
436362
-626575
985562
-729736
688061
518379
468685
106419
378244
-662837
-135681
-771338
-888300
-89655
837373
359012
346752
432838
-854692
972936
-682957
-59787
-626906
-754128
731471
-947970
667082
-610139
353379
-700073
-816894
379684
-25331
876850
-307153
20931
-573617
151679
422588
-603218
-475612
419150
957157
-234748
742985
-473768
-673067
186207
21072
733577
281130
85389
-37147
34163
174823
682920
691604
218437
-607782
-182371
-840432
-836973
75267
-453888
-821789
285750
-574244
-678950
-137145
-872962
870344
571277
384649
-745063
287231
894404
-422959
-626297
896125
-411359
-812639
273908
313376
-894264
-916545
958132
265473
834505
-410388
-85700
-438534
-4534
-395783
-132424
489917
-838170
139713
-463405
-87281
255609
-71872
-913122
198056
924778
-479181
362873
592582
-990787
-379020
656374
723350
757080
289668
-506420
-684627
734358
888045
-669332
-902362
819651
-774034
974721
-517131
437096
-997446
280832
-831210
116184
94314
-435047
-219655
470891
354640
66322
-106036
94037
-109804
861907
-230871
717698
-176437
-242667
-493636
718758
-366795
-495391
-408481
-937967
994043
257467
-947545
-392010
353385
490600
846917
756607
996781
860038
-808812
-637580
480013
300357
-79366
-410102
846476
6526
-999876
-977272
-234753
903462
151960
68483
817277
-147869
-685106
-894689
857366
-233910
655191
-638782
77161
134076
315187
-389609
565747
-750672
679723
-502372
505461
-191561
704262
263509
-814089
695340
-24722
-673087
579641
-656528
763315
983638
155458
148787
881904
-746667
758741
-102615
-210727
-616447
176403
486142
722138
-253410
-886118
963556
720023
-648406
-781469
842795
130818
168783
-925608
248519
-90035
-522494
451704
-866696
608549
-297149
328129
926027
-159612
-281203
881608
800371
190101
-684341
256698
516217
-855570
-731827
-223650
-250674
781963
-220180
-461014
-231341
691442
783575
-283048
-343963
31732
1887
-861686
624170
813305
-350812
244695
271665
-232572
-350238
-873918
-614290
172497
967035
-753452
-210929
717281
-57700
257489
-140309
791100
-931160
790097
822228
-995276
-234830
-792816
-454123
997320
769825
947988
-326267
-312132
983739
860098
-916954
358587
-247927
647748
712129
-712446
-455694
-669570
96056
865621
-531651
-648413
-922103
-516636
853335
36530
29482
341055
988603
-899192
-629947
586641
561937
237679
-379688
-404786
724916
680920
745863
-376626
-848147
843873
-498001
764277
302435
-893618
-872445
693977
720020
-551001
398911
613622
-680576
-605061
439077
674723
-982851
406133
-211087
-105418
940676
-922086
613909
-518243
-371303
-514819
-896794
972177
717453
153133
646193
308830
389272
-38903
220901
-300186
344536
546254
824004
-411883
333313
5543
696047
1549
-274466
-57907
-712833
179064
-336124
902521
-71876
-662330
-812810
-534344
-77296
539077
943457
-604355
-503355
299179
-815299
-985256
154587
483962
-280202
-726575
-266069
674619
-24915
-488550
-836009
494857
-595129
332750
130225
-63479
658465
983338
-376430
394963
725843
78162
88623
-419838
-405121
435088
-371288
-931260
-967537
435172
-166898
-127709
297328
-313831
-319715
-531882
447145
-812320
-734551
-907426
-647642
-852690
422673
-123689
-723994
656340
600096
352923
-5680
-192903
539317
-997403
353334
261237
523729
707724
-826838
733616
695645
-66686
-198392
441737
713164
956417
-616499
163436
356042
-933150
583065
475114
169051
108145
544113
-489487
444968
-902970
-939859
-741037
-291691
464303
-85340
-219690
953456
135730
-44823
-810260
-471687
241196
587911
372383
-195650
86480
435029
571862
799333
-53345
-152089
975456
-64071
41766
941053
-910096
368161
828964
-797905
-239464
700040
392093
346898
-769089
989595
-531158
-821531
661595
-759695
315977
906403
988411
-542661
508308
-2115
151204
-843952
-65937
-38477
-673166
-912149
-327766
421481
-281830
798245
417588
676952
-794111
815109
-553652
571833
203783
-50087
-405592
636908
77320
-479627
716344
-947525
211974
381724
-1310
-78859
-136801
-417886
928484
5788
801287
-908553
-286843
158733
-217286
370068
995377
494671
-673306
721416
986222
-642139
-857900
411320
134024
573256
-380594
89057
-507232
-682182
579101
-482659
-498705
-875316
653037
-457859
216186
-211071
-372642
69440
-584328
50105
-68284
-186965
807801
107121
-275051
443973
-154521
811469
-78752
871469
702326
-812891
-49427
778273
-849872
309844
426253
81079
352671
-37735
57952
-152093
182578
846102
-329968
-336577
-255356
-576291
-428963
50950
-554326
132203
884618
-375212
-930534
-258473
-308416
-229801
194385
-555119
160461
-787440
-958589
761275
741246
408998
779677
-203864
636420
145613
-750612
-472618
317000
-354332
-753907
-770009
-504364
-820250
277116
836497
-956998
740274
-799381
-891657
434245
998799
-167124
-881404
-914914
213445
-23367
21086
-196424
-216930
-75124
256812
-318152
568359
452359
30927
-107489
-961196
-998415
-4732
-8663
622370
-102573
-214280
-637020
156162
499290
880616
-8907
-378816
-848122
-948494
-813278
-361012
-726719
973778
376331
-196449
-719927
832759
265403
-258164
197444
671952
-782639
679798
770265
-748995
732655
52720
130997
908013
992307
-567729
38317
-553650
-773969
117011
-612378
66098
-745126
-925006
763915
-469562
-533829
-670548
688848
387785
-42008
-401123
353668
890216
-560213
-86424
521120
-264401
42508
-911437
-53178
-804892
941590
196325
98295
365669
331679
-476227
530083
265342
269685
-641124
-392418
-756464
638369
417310
197058
-780609
354680
-138120
-52801
-413852
-278052
-451347
554146
438490
412505
778685
271129
-920644
-184543
-300306
-26736
317951
817297
67810
-35597
-231620
379287
-188827
-757809
-452582
-546810
165497
154593
-124916
425897
-217911
102918
-675854
279827
-633039
-838239
-442447
-766326
-112597
-239558
-301280
383395
529960
-293753
-292981
-214497
-189400
702642
-282031
662855
-847315
-345069
297289
-236143
-416212
462041
691424
-580296
-874507
-11700
49379
-651776
-447538
801735
411080
-215623
135526
260447
780892
848327
121722
181447
-248684
-547794
-383888
-39521
-152403
-192877
-802274
271130
826510
262957
480190
584254
741318
620041
570333
-202489
-577481
-572798
480919
192981
-5654
657008
-433707
-380490
746697
662803
-605176
-556128
598831
833065
200032
447422
-683937
-642339
-308872
845938
-278013
-26250
-964102
-68338
-345698
-736589
-207085
691269
-983224
-692336
910984
39720
-588406
416408
-684716
508136
-511449
704109
440751
870378
940306
165419
-411833
-805586
340436
-8036
-875462
-812010
926855
728160
90388
-346744
-812084
-73580
-179200
947210
-407786
-200634
-786843
-423617
604507
182669
-561410
-979089
334908
-678162
366717
-811587
966775
-452000
-452291
549936
-337732
664213
466356
-83405
707261
677623
-508958
521880
442573
699679
-888036
-282818
-917569
-305533
-374915
-154134
166295
754802
-677001
758202
-158317
644149
19524
-826495
635066
82253
-795576
-883101
146770
-329248
-589123
874194
616446
463843
-928744
838880
-13815
282001
482728
518416
-947299
-965498
647852
717962
917089
681322
-24288
727423
302061
841322
43322
242535
606626
986670
202291
-8460
768025
-101345
102390
988598
-239588
-910426
536756
234521
-469394
-357610
-587888
-64263
-213566
585795
-230842
-17504
-831249
921865
-137496
-276719
271494
-734701
-859441
665477
-307563
-549615
834793
644057
548051
-939353
436659
622378
-529516
711916
-297902
-757543
-665817
-726981
141311
215077
-819338
-319799
100365
-74025
-404856
-720708
-620281
-37264
-617922
340797
158134
-62690
-287828
-358324
-636135
-399718
469875
-290420
585788
-954468
-799939
431491
803048
-391854
-75026
-546298
-312736
954826
717731
570879
97350
-194535
-224261
-879944
-708283
857678
990904
764788
894721
634553
-880345
-497858
26744
304854
531697
654732
-238024
-239076
-204733
697616
287146
933534
-325798
-380097
881876
246967
-1948
737713
-427665
-592278
-174820
-903294
404147
218441
299307
-625464
-878407
-462791
251098
846666
-175683
-985355
982743
-29372
-62156
135011
328896
765469
-693932
986133
-776194
502980
-938774
-197442
867116
786895
813259
952376
537685
-461910
139999
-623009
394057
-608983
488526
-697702
193722
