-416182
-287856
96559
-751705
-366042
767911
-261340
-500211
647800
-945357
658479
71927
507190
588016
360305
-439530
-980393
-936694
-255437
776896
370469
-471021
5030
188633
-141727
971321
263486
884026
931441
-466429
-274389
-121023
175355
386399
-36961
-18029
565403
11032
-795547
265673
320841
-117185
960835
-537170
991999
769879
-63845
623608
-372027
-170163
295235
-86863
-951655
-760513
291942
922450
446381
297534
935040
-622580
681069
-599648
-823181
333346
-616393
607832
-387020
-558282
118319
-233478
-445514
642804
-748864
434289
96900
-210440
803965
-430462
-296922
133171
548031
821613
744205
82342
-858982
579712
728720
728368
839842
-534726
762715
-271675
334511
-713608
566943
-730575
509169
850828
241294
337652
