668748
-104361
-521364
583052
151789
-254983
936930
-627643
-268307
-587825
-169282
-337839
-920057
823076
516983
-992591
246770
-623480
90382
70221
-494747
-754813
-548711
181251
411440
666072
941630
926615
240517
142070
122141
968565
-68291
738250
994505
72764
835283
124940
510580
167094
-464803
-218292
50459
-177793
847589
-621184
-4107
200893
-966587
740452
-795773
445035
538361
241248
181110
493515
726203
755463
-300059
-127218
-601044
-665921
-2871
751543
-413531
194836
-310102
308642
920419
962707
-355581
-219314
662715
-338071
908930
298481
445622
208349
-969804
186061
956502
-955108
-981950
-101569
-455147
515263
-962678
639613
938143
545642
373476
359061
-714512
207358
414626
271538
994577
44505
907208
988206
768510
916390
-356857
-515045
-367806
196527
-151791
602856
-845318
-531171
-819136
-774490
-628877
-798125
737996
-627930
934816
-667419
-281320
-984579
-306969
-845883
-896607
-68016
404869
74866
-416938
38421
363905
384947
-844097
877903
25959
121215
-365002
-106114
-752345
-412957
-527428
399753
420814
185184
-733775
-351947
-309981
111725
-255009
-692829
-574882
524282
-429981
-791684
304972
144439
-276531
44332
15479
888031
-924234
-496397
456475
649063
671051
866037
-615598
625891
442135
810665
571865
-17092
-387161
161487
-913389
210536
225711
-870963
-319944
56837
586362
-314526
-403841
-17969
-409576
606909
167147
581987
-469589
322094
-757872
327526
-875561
227628
910730
878963
892993
-757407
-5132
865259
-254794
570087
723522
147271
225873
554898
865169
445904
-980062
-981129
251334
-677262
-426678
496462
-465885
764957
59858
-284087
28035
777058
-559095
-871734
-991726
294285
-628056
-135693
-503261
355802
-854569
807715
584208
-536154
705584
-691765
-174395
-795448
397789
913206
482671
853521
963431
349458
239748
-101293
-134140
21866
672071
213187
982434
-924240
-101780
374360
-467774
-35463
-351348
726700
489633
-189823
-475886
-806792
324149
-571893
933539
656476
-217849
-65084
-291463
-641764
205339
401737
799742
509788
303065
311891
568639
-189809
796787
-629469
-435638
145938
-883275
-339922
614512
690093
22362
398296
898342
201682
-215651
-704664
-73754
399457
86736
962544
804975
-734893
641776
332928
-275463
639203
-683397
-574830
-233808
900760
384831
-563286
-357581
835236
-552229
693311
511629
-229098
-972488
274809
875701
-450218
535012
825638
649630
414470
-191534
-542318
850402
906014
412333
-201632
-397930
-965815
89915
-595290
64348
165434
723560
-123844
273244
365007
798934
-469088
74562
286112
800080
938801
966448
287868
987601
923840
781652
927486
-538266
619721
741415
557472
-605170
-246860
192669
-313631
-252805
57639
219223
-798224
-961447
-965584
-143550
863225
-931776
-124200
691175
171892
-80325
-514554
-966004
-392453
779973
-830729
104516
-667403
-113030
-156948
757422
-560676
-278175
-913904
-135934
486468
-293021
852910
-340119
-859787
789182
-128400
795963
909767
-471667
479115
133315
-686328
-921667
-759703
-857895
-490690
800312
-548400
-668606
-51183
700084
-64896
728756
-345063
157785
-677173
485382
706828
-536909
-979892
399527
-350773
707844
-831505
-410579
-16900
-897609
-809624
323141
368166
805908
780984
-366951
394798
-295130
534671
675043
162196
923266
795397
538128
81706
-890578
-920294
-556051
346386
-523298
26984
561272
435869
890254
-613225
294245
-373798
-668091
-578179
399498
-20082
473600
420010
215009
122799
715526
-248266
574543
-381699
-814849
-275875
-96567
-875910
-524975
-300489
838356
-384282
76881
-220447
-203379
443005
594356
-717039
-86653
-181939
538991
326657
119910
291879
-394438
-875210
-936244
-736167
-236415
-713691
918519
-738722
246927
-56743
-47373
-863402
629169
474955
-852924
357206
342900
-188337
-941781
159152
288292
-446231
-49902
-561995
543404
609518
750905
-458104
-979420
-297074
-216286
-544885
363066
-805431
765887
749573
524682
430155
-822323
-616962
133329
-918302
-208572
497791
-615253
-109603
-468
-93916
-433216
35649
317595
-262877
167405
142467
-753640
-644524
946765
-396278
-693793
-991911
-235215
-125378
-131713
793478
-933988
403249
933057
-371138
954031
951473
434222
-860271
826167
834924
274437
-129790
660090
731461
644751
314728
191219
834306
-401321
-45483
-386119
266331
-300842
-540377
-641039
-217296
713823
288846
-431915
-945865
-76128
92170
839467
153226
-314224
-943607
200727
-328259
16897
374915
727306
-529954
-835681
70734
-647989
-122338
-271380
21122
340394
708420
-996007
42111
968851
737443
903511
601701
298110
899700
524145
-267496
-333362
-836248
-794967
-739145
-670474
591407
593340
972103
107754
223960
-533147
-771042
452070
156295
-215390
-455183
-156487
396307
2967
775313
77874
944415
502934
820479
-506664
50298
546172
113237
503063
-351142
635293
928944
-565487
-245341
659431
-640993
98879
168582
-90536
549612
343447
-346569
-452498
555351
-606932
739275
-167234
52398
-348701
-275514
-146863
-937537
-26960
-394934
-563044
-874405
-23378
898972
403483
957606
-249353
-203641
-552380
-129644
-159323
93339
-888424
-93865
-259582
-745914
-763340
313433
87561
-179411
600018
640875
-540547
-653222
-527767
-120856
-817556
-616423
-868150
299688
768107
-906516
388189
782412
880418
-798527
-689590
-260200
-471274
-12963
-249632
-583533
337502
365082
269241
997891
56781
83063
-85472
-894637
397745
-584616
61974
-241089
330018
-960066
618439
881831
968074
-951460
-42814
-967714
383068
30009
-779011
989756
-818259
596774
-174816
-258310
84279
975838
796611
440634
-249882
790497
-602169
521497
-434734
859977
906602
820950
607608
775701
302533
947412
915520
-544050
-475604
-316978
-364363
381611
569347
185988
-693719
650003
-836129
-799476
-690118
-893971
-948689
359555
942363
-7010
-847694
-957465
357289
161755
992229
-284594
-392063
386033
-137965
882879
-55632
-680887
804568
-104929
607136
775855
-358709
-735125
-626998
-811095
-929364
-924374
-515977
587055
-431461
204168
235700
-96077
-541904
333832
-271215
145177
974084
-451259
-892623
-381678
370620
124098
-207932
533542
661439
-480392
781769
-874311
-559550
-446223
-302575
-867333
542506
26612
-582574
-504273
256167
382166
-822873
-819237
20461
-265375
111993
496127
-984436
613899
706094
-979025
959162
-21420
718852
-494990
-127452
-379217
-956257
-388828
-371987
-349980
-713993
9016
-388826
-263214
270765
-159360
-168316
-944130
192605
128907
213914
321233
547482
-593162
-962074
-792835
662264
928181
-261098
118803
215887
-949759
-682060
925201
964256
2501
43888
-960031
416755
364792
-323070
305623
225206
747236
703742
838593
995278
927091
810584
527690
24580
-841634
453115
917524
-199570
-756230
-640002
99595
-931183
-662851
673370
180739
818251
-525069
-863579
-982979
155280
-505147
-677988
130109
875402
-201959
-637595
654073
883550
-686939
-452240
-857952
-143009
760084
-313424
135393
-411169
681567
787436
106065
615578
-820553
559065
140904
356382
508436
900457
-521092
-418139
-279926
151353
-62862
996240
980932
-606673
-997269
473816
315682
-650607
-728135
578221
-700137
-686446
-473375
-358195
154922
386830
350630
106295
-261780
896701
-146783
369056
649954
-723905
685604
973014
-342331
-253374
-209490
-867632
449994
-512837
180430
180632
-673877
307100
-385859
10434
828618
-732414
233615
-337459
-865152
-440699
-109656
905164
-863712
736031
-278020
928540
-881128
991528
-321593
738975
798834
890584
53749
-866695
748418
586369
826211
350905
-62517
307343
202619
-174316
-738411
369345
15104
-395530
954394
-437504
-452691
-3495
-75078
-495350
311473
-371580
-310693
